topic_0: 1|0.3043967 2|0.18631199 3|0.7794267 4|0.17698756 12|0.6539099 19|0.18118623 21|0.9798902 26|0.73099023 28|0.9516716 30|0.8765294 34|0.18732558 48|0.46718857 64|0.773917 69|0.22695279 72|0.8446813 80|0.22498065 82|0.5799866 83|0.9107284 84|0.91448873 94|0.66038775 98|0.3343054 102|0.5315606 103|0.18962531 104|0.7804217 105|0.683542 106|0.9431653 110|0.9279611 112|0.97112983 113|0.78427064 115|0.99857086 117|0.986763 119|0.95746344 125|0.97112983 126|0.517156 127|0.18166429 130|0.5714091 
topic_1: 2|0.7391171 5|0.9147619 9|0.97612995 10|0.81281114 11|0.9233916 12|0.34562397 13|0.5947803 16|0.82934856 20|0.8476954 25|0.85841024 29|0.835068 33|0.20344989 50|0.64568853 57|0.54956967 64|0.17022152 68|0.36952606 70|0.98160917 74|0.9593232 79|0.93379605 82|0.38276896 88|0.9683612 103|0.7077418 105|0.31464002 107|0.98936194 108|0.33177185 114|0.9588726 121|0.98243594 122|0.98529834 128|0.7859892 
topic_2: 13|0.19412579 31|0.94657195 33|0.5664264 45|0.96877724 52|0.9421552 53|0.874759 54|0.99154836 63|0.4694829 73|0.9195922 80|0.2980772 85|0.7506993 91|0.98614025 95|0.2610585 99|0.98940367 100|0.9004911 101|0.99308974 
topic_3: 0|0.5144802 1|0.6525777 4|0.4526254 6|0.803793 7|0.99793226 8|0.928098 15|0.9631829 17|0.93272465 22|0.95853215 23|0.91602755 24|0.23213455 27|0.401707 32|0.9707385 34|0.77981776 35|0.17153713 36|0.6653172 39|0.3232887 50|0.3543115 51|0.8352311 55|0.94237673 57|0.3970008 58|1.0 60|0.910901 61|0.81451213 63|0.47545892 65|0.46337822 66|0.8985703 67|0.91644996 69|0.715499 75|0.9657401 76|0.9815184 80|0.46061218 86|0.97335833 90|0.9386351 95|0.6337887 104|0.21074675 108|0.5030587 109|0.56126326 111|0.97086495 118|0.85144895 120|0.99793226 129|0.89449394 130|0.38623473 
topic_4: 0|0.4609746 14|0.6766923 24|0.6463534 35|0.6628469 41|1.0 43|1.0 49|0.99911207 56|0.96224266 59|1.0 68|0.505168 78|0.9741756 81|0.81336147 89|0.8518086 94|0.17763475 96|0.9802207 97|0.26109296 102|0.4269737 123|0.9369226 124|0.94283664 126|0.40877852 127|0.5842042 
topic_5: 4|0.30810377 18|0.8570674 19|0.7565992 27|0.3916756 37|0.9801025 38|0.8776688 39|0.48280212 40|1.0 42|0.980679 44|0.93507105 46|0.87011784 47|0.828356 48|0.44475394 62|0.91503185 65|0.43058598 71|0.99587274 77|0.9340804 81|0.1711599 85|0.24239823 87|0.99190396 92|0.99877304 93|0.9696463 97|0.5596802 98|0.4514256 109|0.2875726 116|0.76956576 128|0.19905709 
