topic_0: 1|0.15401436 2|0.16662191 6|0.6715053 12|0.83038014 23|0.17854421 28|0.9882005 30|0.9302807 34|0.1176462 48|0.20839693 50|0.4925089 64|0.79835594 80|0.1699278 82|0.73730016 87|0.7804296 94|0.8639034 98|0.3230584 102|0.25823995 103|0.15985319 104|0.7756125 105|0.68815154 106|0.9880077 112|0.9852764 113|0.38320154 117|0.1306483 119|0.9669584 125|0.9852764 126|0.38179857 130|0.34387368 
topic_1: 2|0.21315013 5|0.88636583 9|0.967182 10|0.38625324 12|0.1561535 16|0.8465652 25|0.8943768 29|0.72510177 57|0.47074085 70|0.8813147 82|0.20487556 88|0.9723781 103|0.27685446 105|0.23004471 107|0.99424547 121|0.9818564 122|0.98674095 128|0.93073446 
topic_2: 13|0.2173936 31|0.9713654 53|0.9497437 73|0.96659416 80|0.30642807 99|0.9894211 100|0.87047946 101|0.9990854 
topic_3: 0|0.121514894 6|0.25680995 8|0.34469616 15|0.9810731 17|0.9060952 22|0.98521215 24|0.20279197 29|0.2434391 32|0.9928323 35|0.110213116 36|0.16000621 39|0.14290743 50|0.48313567 51|0.23640685 55|0.96118045 57|0.4534984 58|0.9711137 60|0.9578005 61|0.47498783 65|0.218054 66|0.9301909 67|0.90993696 69|0.5547896 75|0.77121466 76|0.98356646 80|0.51555246 90|0.922385 109|0.3962207 111|0.97219014 118|0.7775334 129|0.9061963 130|0.62734437 
topic_4: 24|0.63840085 41|1.0 43|1.0 49|0.9996822 56|0.96913755 78|0.9942458 89|0.935791 96|0.9592341 97|0.44192728 102|0.71672654 124|0.9431644 126|0.5563423 
topic_5: 1|0.74018764 18|0.9748355 19|0.94087917 24|0.13892227 34|0.6799009 35|0.7959804 37|0.9975397 38|0.9728617 39|0.28051633 40|1.0 46|0.4342117 47|0.90226376 48|0.46701622 62|0.6548904 77|0.99063015 93|0.99972254 109|0.5157434 116|0.8576943 
topic_6: 3|0.9564215 4|0.14227633 21|0.9913338 27|0.868623 36|0.7400577 48|0.25452796 52|1.0 65|0.4751243 69|0.34950647 83|0.9561258 84|0.99427825 110|0.18516858 115|0.99455947 117|0.8556976 127|0.8477533 
topic_7: 2|0.54728377 11|0.9476433 13|0.7212681 14|0.92639005 20|0.9765812 26|0.88871783 33|0.9943645 59|1.0 61|0.19014606 68|0.9476928 70|0.10340068 74|0.96996045 79|0.98008883 103|0.4708416 108|0.93892354 110|0.6995152 114|0.92964035 118|0.14431278 123|0.9948831 
topic_8: 0|0.85965925 4|0.6591591 7|0.99894357 10|0.5265648 39|0.51373404 42|1.0 44|0.9960908 45|0.9554274 46|0.5488115 51|0.7434192 54|1.0 61|0.21558785 62|0.3431808 63|0.9320753 72|0.9630503 86|0.9910632 104|0.10038959 120|0.99894357 
topic_9: 8|0.32888678 23|0.6869622 65|0.29561406 71|0.96458584 75|0.17738706 81|0.9966205 85|0.9996463 87|0.21595253 91|0.9369993 92|0.97529215 95|0.8867917 97|0.412314 98|0.5206363 113|0.4828931 
