topic_0: 1|0.29198164 2|0.20023794 3|0.18815894 4|0.17146023 6|0.51211286 12|0.73918617 19|0.1847978 21|0.9799098 26|0.5559849 28|0.9575309 30|0.88025546 48|0.43836924 64|0.8038145 69|0.20808356 72|0.7894787 80|0.19447123 82|0.59866744 83|0.8900931 84|0.8831881 94|0.63487345 98|0.22406654 102|0.36788243 103|0.19702986 104|0.87968016 105|0.7303305 106|0.9470254 108|0.48442277 110|0.95419455 112|0.96423435 113|0.75275075 115|0.9990986 117|0.9895574 119|0.96312296 125|0.96423435 126|0.42334035 127|0.17096187 130|0.5498639 
topic_1: 2|0.7209895 5|0.9107842 9|0.9732636 10|0.68357944 11|0.9169248 12|0.2598374 13|0.5657094 16|0.8142891 20|0.8070808 25|0.85422546 29|0.8072714 33|0.20627631 50|0.6295302 57|0.34415668 64|0.17871593 68|0.3724711 70|0.9775226 74|0.9639732 79|0.94476426 82|0.36447513 88|0.96817297 98|0.3410932 103|0.6933905 105|0.2669567 107|0.99151486 108|0.29716372 114|0.95782155 121|0.98198193 122|0.9855852 128|0.8473483 
topic_2: 13|0.18048707 31|0.95797014 33|0.56119776 39|0.26603213 45|0.979444 52|0.8626324 53|0.8562187 54|0.99787027 63|0.48554146 73|0.91983485 80|0.28618693 85|0.60047704 91|0.9898164 95|0.19218704 99|0.98944783 100|0.8813104 101|0.99352145 
topic_3: 0|0.2207639 1|0.6611525 4|0.5045903 6|0.39746225 7|0.99468005 8|0.89667195 15|0.92796224 17|0.9288053 22|0.93859553 23|0.91544 27|0.5111365 32|0.95117545 34|0.73402625 36|0.6881186 38|0.18931045 39|0.4994959 46|0.17360528 47|0.24885075 50|0.37046978 51|0.89640397 55|0.94773287 57|0.28609648 58|0.9997757 60|0.84515727 61|0.8071368 62|0.17401142 63|0.45251518 65|0.50584537 66|0.90865684 67|0.9115543 69|0.7337072 75|0.96298766 76|0.9490482 80|0.5051886 86|0.97538877 90|0.92979926 95|0.6907964 108|0.21180198 111|0.9563381 118|0.84245783 120|0.99468005 127|0.31747413 129|0.9004 130|0.40980878 
topic_4: 0|0.7672762 3|0.73724914 14|0.83248854 24|0.85306656 26|0.37351447 35|0.9663536 41|1.0 43|1.0 49|0.9952017 56|0.98421484 57|0.3588436 59|0.99413866 68|0.53120744 78|0.9746399 89|0.94397557 96|0.9906158 102|0.5834083 109|0.856837 123|0.8888463 124|0.981844 126|0.5176716 127|0.27222297 
topic_5: 4|0.17285275 18|0.7777957 19|0.6295282 27|0.25583485 37|0.92601675 38|0.79831356 39|0.19695495 40|1.0 42|0.8443048 44|0.89128 46|0.7301363 47|0.73063946 48|0.37346157 62|0.7980622 65|0.3885909 71|0.99736977 77|0.9350237 81|0.9937858 85|0.39896792 87|0.9911835 92|0.99576163 93|0.89962685 97|0.8060664 98|0.35798305 116|0.7035318 127|0.17359681 
