topic_0: 1|0.154014362|0.166621916|0.671505312|0.8303801423|0.1785442128|0.988200530|0.930280734|0.117646248|0.2083969350|0.492508964|0.7983559480|0.169927882|0.7373001687|0.780429694|0.863903498|0.3230584102|0.25823995103|0.15985319104|0.7756125105|0.68815154106|0.9880077112|0.9852764113|0.38320154117|0.1306483119|0.9669584125|0.9852764126|0.38179857130|0.34387368
topic_1: 2|0.213150135|0.886365839|0.96718210|0.3862532412|0.156153516|0.846565225|0.894376829|0.7251017757|0.4707408570|0.881314782|0.2048755688|0.9723781103|0.27685446105|0.23004471107|0.99424547121|0.9818564122|0.98674095128|0.93073446
topic_2: 13|0.217393631|0.971365453|0.949743773|0.9665941680|0.3064280799|0.9894211100|0.87047946101|0.9990854
topic_3: 0|0.1215148946|0.256809958|0.3446961615|0.981073117|0.906095222|0.9852121524|0.2027919729|0.243439132|0.992832335|0.11021311636|0.1600062139|0.1429074350|0.4831356751|0.2364068555|0.9611804557|0.453498458|0.971113760|0.957800561|0.4749878365|0.21805466|0.930190967|0.9099369669|0.554789675|0.7712146676|0.9835664680|0.5155524690|0.922385109|0.3962207111|0.97219014118|0.7775334129|0.9061963130|0.62734437
topic_4: 24|0.6384008541|1.043|1.049|0.999682256|0.9691375578|0.994245889|0.93579196|0.959234197|0.44192728102|0.71672654124|0.9431644126|0.5563423
topic_5: 1|0.7401876418|0.974835519|0.9408791724|0.1389222734|0.679900935|0.795980437|0.997539738|0.972861739|0.2805163340|1.046|0.434211747|0.9022637648|0.4670162262|0.654890477|0.9906301593|0.99972254109|0.5157434116|0.8576943
topic_6: 3|0.95642154|0.1422763321|0.991333827|0.86862336|0.740057748|0.2545279652|1.065|0.475124369|0.3495064783|0.956125884|0.99427825110|0.18516858115|0.99455947117|0.8556976127|0.8477533
topic_7: 2|0.5472837711|0.947643313|0.721268114|0.9263900520|0.976581226|0.8887178333|0.994364559|1.061|0.1901460668|0.947692870|0.1034006874|0.9699604579|0.98008883103|0.4708416108|0.93892354110|0.6995152114|0.92964035118|0.14431278123|0.9948831
topic_8: 0|0.859659254|0.65915917|0.9989435710|0.526564839|0.5137340442|1.044|0.996090845|0.955427446|0.548811551|0.743419254|1.061|0.2155878562|0.343180863|0.932075372|0.963050386|0.9910632104|0.10038959120|0.99894357
topic_9: 8|0.3288867823|0.686962265|0.2956140671|0.9645858475|0.1773870681|0.996620585|0.999646387|0.2159525391|0.936999392|0.9752921595|0.886791797|0.41231498|0.5206363113|0.4828931
