topic_0: 1|0.29204333 2|0.20041884 3|0.18853518 4|0.17159727 6|0.51212424 12|0.7393187 19|0.1852166 21|0.9799209 26|0.5565835 28|0.95755774 30|0.88042694 48|0.4388048 64|0.80399907 69|0.20820282 72|0.78963786 80|0.19455865 82|0.5987883 83|0.8901915 84|0.8833338 94|0.63502187 98|0.22422576 102|0.36865637 103|0.197177 104|0.8797536 105|0.7304843 106|0.9470349 108|0.48473233 110|0.9542362 112|0.96430117 113|0.75296724 115|0.9990987 117|0.9895667 119|0.9631263 125|0.96430117 126|0.42412323 127|0.17112374 130|0.5503425 
topic_1: 2|0.7209094 5|0.9108 9|0.9732583 10|0.68374836 11|0.91697866 12|0.25971174 13|0.56603914 16|0.81428707 20|0.8073881 25|0.85435605 29|0.8073822 33|0.20638801 50|0.62951976 57|0.34490958 64|0.17863044 68|0.3726975 70|0.9775529 74|0.96400714 79|0.9447977 82|0.36441636 88|0.96813804 98|0.34112987 103|0.6933369 105|0.2668154 107|0.9915186 108|0.29709604 114|0.9577779 121|0.9819789 122|0.98558825 128|0.8475516 
topic_2: 13|0.18033771 31|0.95790064 33|0.5608875 39|0.2657773 45|0.9794042 52|0.86248046 53|0.85611415 54|0.9978598 63|0.48534462 73|0.91971225 80|0.2860605 85|0.60044146 91|0.9898071 95|0.19161777 99|0.98941636 100|0.8812185 101|0.99350566 
topic_3: 0|0.22121157 1|0.661288 4|0.50499403 6|0.39758968 7|0.9946877 8|0.896769 15|0.92809695 17|0.92881525 22|0.93870413 23|0.91545093 27|0.5115327 32|0.9512239 34|0.7341231 36|0.6883267 38|0.1895377 39|0.49991274 46|0.17383978 47|0.24906677 50|0.37048027 51|0.8966586 55|0.9477725 57|0.28645176 58|0.9997962 60|0.8452794 61|0.8072502 62|0.17422321 63|0.45269912 65|0.5061601 66|0.90860337 67|0.911663 69|0.7336945 75|0.9630409 76|0.9491526 80|0.5052198 86|0.9753985 90|0.92983246 95|0.6913506 108|0.21158148 111|0.95635647 118|0.8426694 120|0.9946877 127|0.32063633 129|0.9004671 130|0.40937108 
topic_4: 0|0.7667979 3|0.7368272 14|0.83213586 24|0.8528744 26|0.37283474 35|0.9662666 41|1.0 43|1.0 49|0.9952095 56|0.9841624 57|0.35772315 59|0.99415714 68|0.5308808 78|0.9745989 89|0.94383544 96|0.9905995 102|0.58261997 109|0.8564579 123|0.8885972 124|0.98175555 126|0.5168755 127|0.2690393 
topic_5: 4|0.17264947 18|0.77761143 19|0.62941164 27|0.25548166 37|0.92590904 38|0.7981126 39|0.19680648 40|0.99999994 42|0.84424716 44|0.8912824 46|0.7299527 47|0.730445 48|0.37330246 62|0.7978508 65|0.3882152 71|0.99736226 77|0.9350188 81|0.99377686 85|0.3989995 87|0.9911482 92|0.99574816 93|0.8994932 97|0.8058333 98|0.35780227 116|0.70328766 127|0.17346719 
